200
0 21
0 21
0 27
0 14
1 45
1 23
1 35
1 9
2 48
2 23
2 45
2 18
3 38
3 35
3 46
3 46
4 19
4 28
4 27
4 33
5 18
5 18
5 18
5 46
6 26
6 43
6 19
6 21
7 29
7 33
7 19
7 48
8 0
8 46
8 6
8 14
9 2
9 35
9 33
9 27
10 4
10 47
10 0
10 34
11 45
11 10
11 13
11 42
12 49
12 31
12 3
12 19
13 7
13 34
13 27
13 23
14 19
14 48
14 23
14 10
15 1
15 6
15 2
15 0
16 38
16 23
16 32
16 48
17 38
17 13
17 29
17 46
18 6
18 35
18 8
18 47
19 48
19 49
19 47
19 38
20 49
20 35
20 35
20 32
21 47
21 46
21 2
21 9
22 9
22 15
22 0
22 27
23 46
23 19
23 2
23 26
24 29
24 13
24 15
24 1
25 43
25 45
25 13
25 35
26 4
26 4
26 6
26 3
27 43
27 32
27 18
27 0
28 15
28 47
28 24
28 49
29 21
29 2
29 45
29 27
30 38
30 13
30 19
30 5
31 48
31 23
31 10
31 19
32 16
32 34
32 18
32 13
33 14
33 14
33 27
33 13
34 19
34 14
34 35
34 35
35 27
35 47
35 23
35 16
36 18
36 46
36 3
36 3
37 45
37 26
37 23
37 47
38 34
38 35
38 35
38 4
39 35
39 49
39 23
39 47
40 16
40 3
40 18
40 29
41 18
41 47
41 35
41 45
42 19
42 49
42 0
42 24
43 27
43 13
43 13
43 22
44 3
44 49
44 29
44 12
45 18
45 13
45 16
45 0
46 10
46 49
46 47
46 8
47 4
47 27
47 21
47 43
48 41
48 47
48 29
48 26
49 19
49 38
49 13
49 47
