4039
0 65
1 65
2 68
3 69
4 70
5 68
6 67
7 69
8 70
9 66
10 66
11 66
12 66
13 68
14 68
15 66
16 68
17 70
18 68
19 69
20 70
21 69
22 65
23 70
24 69
25 68
26 68
27 67
28 69
29 69
30 69
31 70
32 65
33 65
34 70
35 66
36 66
37 65
38 69
39 67
40 68
41 65
42 66
43 65
44 70
45 66
46 65
47 68
48 68
49 70
50 70
51 67
52 68
53 70
54 70
55 69
56 68
57 65
58 70
59 65
60 65
61 65
62 67
63 68
64 67
65 67
66 69
67 67
68 65
69 65
70 68
71 69
72 65
73 68
74 70
75 67
76 66
77 66
78 65
79 65
80 65
81 68
82 65
83 66
84 70
85 66
86 67
87 66
88 66
89 70
90 70
91 69
92 66
93 66
94 67
95 66
96 65
97 65
98 67
99 68
100 69
101 66
102 66
103 67
104 67
105 67
106 69
107 69
108 68
109 66
110 68
111 67
112 67
113 65
114 68
115 65
116 68
117 66
118 68
119 69
120 67
121 69
122 65
123 67
124 69
125 69
126 69
127 67
128 70
129 65
130 68
131 70
132 66
133 67
134 67
135 65
136 66
137 65
138 65
139 69
140 68
141 65
142 69
143 65
144 66
145 70
146 68
147 67
148 65
149 67
150 68
151 68
152 66
153 69
154 68
155 70
156 70
157 69
158 65
159 70
160 66
161 68
162 67
163 69
164 69
165 67
166 65
167 65
168 66
169 69
170 69
171 66
172 69
173 67
174 69
175 68
176 69
177 68
178 67
179 70
180 65
181 70
182 70
183 67
184 70
185 68
186 68
187 70
188 69
189 66
190 68
191 65
192 70
193 65
194 70
195 70
196 67
197 67
198 69
199 69
200 67
201 66
202 68
203 65
204 68
205 66
206 70
207 68
208 68
209 66
210 65
211 67
212 70
213 66
214 66
215 69
216 69
217 69
218 67
219 67
220 67
221 66
222 66
223 69
224 66
225 67
226 65
227 67
228 69
229 65
230 65
231 70
232 66
233 67
234 68
235 69
236 70
237 68
238 67
239 68
240 68
241 65
242 70
243 65
244 69
245 65
246 67
247 67
248 69
249 68
250 70
251 68
252 69
253 70
254 69
255 69
256 66
257 68
258 70
259 68
260 69
261 68
262 69
263 70
264 65
265 67
266 65
267 65
268 69
269 66
270 68
271 70
272 67
273 65
274 69
275 68
276 68
277 65
278 67
279 70
280 68
281 65
282 68
283 69
284 65
285 66
286 69
287 66
288 69
289 65
290 65
291 69
292 66
293 68
294 67
295 70
296 68
297 69
298 70
299 70
300 70
301 70
302 70
303 65
304 69
305 68
306 65
307 68
308 70
309 70
310 68
311 65
312 68
313 65
314 70
315 65
316 67
317 68
318 65
319 68
320 68
321 67
322 65
323 66
324 67
325 66
326 70
327 70
328 66
329 66
330 69
331 65
332 66
333 66
334 68
335 65
336 70
337 68
338 69
339 69
340 70
341 65
342 68
343 65
344 67
345 67
346 68
347 66
348 66
349 70
350 69
351 70
352 65
353 70
354 70
355 67
356 68
357 65
358 68
359 66
360 70
361 68
362 65
363 67
364 67
365 70
366 70
367 68
368 65
369 70
370 67
371 70
372 67
373 68
374 69
375 69
376 68
377 70
378 68
379 69
380 69
381 68
382 66
383 67
384 68
385 68
386 68
387 69
388 67
389 68
390 65
391 67
392 65
393 65
394 67
395 70
396 69
397 65
398 70
399 67
400 70
401 67
402 65
403 70
404 69
405 67
406 68
407 69
408 67
409 65
410 67
411 65
412 69
413 68
414 69
415 69
416 65
417 66
418 65
419 67
420 70
421 68
422 66
423 67
424 69
425 70
426 67
427 68
428 67
429 67
430 69
431 68
432 69
433 68
434 65
435 70
436 68
437 65
438 66
439 70
440 68
441 67
442 68
443 66
444 68
445 69
446 67
447 67
448 70
449 66
450 70
451 70
452 70
453 68
454 65
455 66
456 67
457 69
458 70
459 67
460 68
461 70
462 65
463 68
464 66
465 67
466 66
467 67
468 68
469 66
470 67
471 68
472 66
473 66
474 68
475 66
476 65
477 70
478 68
479 70
480 68
481 69
482 69
483 68
484 65
485 68
486 67
487 69
488 69
489 67
490 66
491 67
492 66
493 69
494 65
495 66
496 67
497 66
498 65
499 68
500 70
501 69
502 65
503 70
504 68
505 67
506 65
507 65
508 65
509 66
510 65
511 69
512 66
513 70
514 67
515 66
516 67
517 70
518 70
519 65
520 68
521 69
522 70
523 68
524 68
525 70
526 66
527 70
528 70
529 67
530 67
531 70
532 69
533 67
534 67
535 69
536 68
537 67
538 65
539 70
540 69
541 65
542 67
543 66
544 70
545 68
546 67
547 66
548 68
549 65
550 70
551 68
552 70
553 66
554 66
555 69
556 68
557 70
558 65
559 67
560 66
561 65
562 68
563 69
564 67
565 69
566 67
567 68
568 70
569 68
570 68
571 66
572 67
573 69
574 70
575 67
576 70
577 66
578 65
579 67
580 65
581 68
582 65
583 68
584 66
585 65
586 70
587 66
588 67
589 66
590 67
591 66
592 70
593 68
594 65
595 66
596 69
597 69
598 65
599 70
600 68
601 67
602 65
603 69
604 70
605 67
606 69
607 69
608 69
609 66
610 66
611 66
612 70
613 69
614 68
615 67
616 65
617 69
618 68
619 66
620 69
621 68
622 66
623 65
624 68
625 66
626 68
627 70
628 67
629 67
630 65
631 65
632 67
633 65
634 66
635 70
636 66
637 67
638 70
639 70
640 65
641 65
642 65
643 65
644 66
645 70
646 68
647 69
648 65
649 69
650 70
651 65
652 66
653 65
654 68
655 65
656 66
657 68
658 67
659 67
660 70
661 67
662 68
663 68
664 69
665 67
666 66
667 69
668 66
669 65
670 65
671 66
672 65
673 67
674 69
675 68
676 69
677 70
678 66
679 66
680 66
681 68
682 70
683 65
684 66
685 65
686 65
687 68
688 68
689 67
690 67
691 66
692 68
693 70
694 66
695 69
696 68
697 67
698 69
699 65
700 69
701 67
702 68
703 67
704 70
705 66
706 70
707 65
708 66
709 68
710 68
711 66
712 67
713 68
714 70
715 65
716 66
717 65
718 66
719 69
720 70
721 69
722 67
723 69
724 67
725 70
726 70
727 65
728 68
729 68
730 69
731 69
732 67
733 66
734 70
735 69
736 68
737 68
738 70
739 68
740 70
741 69
742 69
743 66
744 66
745 66
746 66
747 67
748 66
749 69
750 68
751 66
752 67
753 67
754 67
755 68
756 66
757 66
758 65
759 68
760 66
761 66
762 66
763 68
764 68
765 68
766 65
767 67
768 65
769 65
770 68
771 66
772 68
773 69
774 68
775 67
776 69
777 68
778 66
779 65
780 69
781 69
782 66
783 69
784 65
785 65
786 67
787 65
788 70
789 67
790 67
791 65
792 66
793 70
794 67
795 70
796 67
797 67
798 68
799 66
800 69
801 69
802 67
803 69
804 67
805 67
806 68
807 66
808 66
809 68
810 69
811 65
812 65
813 65
814 68
815 70
816 69
817 66
818 70
819 69
820 67
821 68
822 65
823 67
824 66
825 70
826 67
827 67
828 66
829 70
830 66
831 65
832 65
833 69
834 67
835 69
836 67
837 69
838 69
839 68
840 68
841 68
842 70
843 68
844 66
845 67
846 65
847 67
848 70
849 68
850 68
851 67
852 69
853 67
854 68
855 65
856 69
857 70
858 66
859 69
860 66
861 67
862 68
863 65
864 70
865 66
866 66
867 69
868 68
869 67
870 68
871 68
872 65
873 66
874 65
875 66
876 69
877 70
878 67
879 66
880 66
881 70
882 69
883 68
884 69
885 67
886 66
887 68
888 68
889 68
890 68
891 67
892 65
893 66
894 68
895 68
896 67
897 67
898 65
899 66
900 65
901 70
902 65
903 66
904 68
905 68
906 69
907 70
908 66
909 70
910 67
911 66
912 65
913 68
914 67
915 66
916 66
917 70
918 67
919 70
920 67
921 66
922 67
923 68
924 67
925 69
926 69
927 66
928 68
929 66
930 65
931 68
932 69
933 66
934 67
935 67
936 65
937 70
938 69
939 67
940 68
941 67
942 67
943 67
944 70
945 69
946 67
947 67
948 66
949 67
950 66
951 68
952 68
953 69
954 68
955 67
956 70
957 68
958 68
959 68
960 65
961 67
962 66
963 65
964 67
965 66
966 65
967 66
968 66
969 66
970 66
971 67
972 70
973 65
974 65
975 69
976 67
977 69
978 67
979 69
980 65
981 69
982 67
983 67
984 65
985 69
986 65
987 66
988 69
989 70
990 68
991 67
992 66
993 69
994 70
995 70
996 67
997 66
998 70
999 68
1000 65
1001 66
1002 69
1003 65
1004 67
1005 70
1006 67
1007 68
1008 70
1009 67
1010 70
1011 67
1012 69
1013 67
1014 70
1015 67
1016 67
1017 67
1018 70
1019 65
1020 70
1021 70
1022 67
1023 66
1024 66
1025 68
1026 68
1027 66
1028 67
1029 69
1030 67
1031 70
1032 69
1033 66
1034 68
1035 70
1036 69
1037 68
1038 65
1039 70
1040 66
1041 68
1042 66
1043 65
1044 69
1045 70
1046 67
1047 67
1048 70
1049 69
1050 65
1051 65
1052 65
1053 68
1054 69
1055 68
1056 70
1057 68
1058 70
1059 65
1060 66
1061 70
1062 68
1063 70
1064 68
1065 66
1066 69
1067 69
1068 65
1069 65
1070 67
1071 70
1072 69
1073 67
1074 70
1075 66
1076 66
1077 70
1078 69
1079 70
1080 65
1081 70
1082 69
1083 68
1084 68
1085 68
1086 67
1087 68
1088 70
1089 70
1090 70
1091 68
1092 65
1093 68
1094 69
1095 66
1096 70
1097 69
1098 68
1099 69
1100 69
1101 67
1102 68
1103 65
1104 70
1105 67
1106 65
1107 70
1108 66
1109 67
1110 70
1111 70
1112 70
1113 67
1114 68
1115 70
1116 66
1117 65
1118 67
1119 65
1120 65
1121 66
1122 66
1123 67
1124 65
1125 67
1126 65
1127 69
1128 69
1129 68
1130 66
1131 67
1132 67
1133 69
1134 69
1135 68
1136 70
1137 69
1138 70
1139 68
1140 66
1141 67
1142 70
1143 66
1144 69
1145 67
1146 65
1147 66
1148 68
1149 67
1150 67
1151 69
1152 69
1153 69
1154 68
1155 67
1156 69
1157 70
1158 66
1159 65
1160 65
1161 67
1162 69
1163 69
1164 65
1165 68
1166 65
1167 70
1168 69
1169 65
1170 65
1171 70
1172 66
1173 69
1174 69
1175 66
1176 67
1177 65
1178 66
1179 67
1180 70
1181 68
1182 67
1183 70
1184 65
1185 69
1186 67
1187 66
1188 69
1189 66
1190 65
1191 68
1192 68
1193 66
1194 65
1195 69
1196 70
1197 69
1198 69
1199 66
1200 65
1201 69
1202 66
1203 65
1204 68
1205 67
1206 66
1207 67
1208 68
1209 69
1210 70
1211 65
1212 67
1213 67
1214 67
1215 68
1216 68
1217 66
1218 68
1219 70
1220 68
1221 68
1222 66
1223 68
1224 68
1225 65
1226 65
1227 68
1228 70
1229 65
1230 66
1231 70
1232 65
1233 66
1234 68
1235 65
1236 68
1237 70
1238 68
1239 68
1240 70
1241 66
1242 65
1243 69
1244 67
1245 70
1246 70
1247 70
1248 66
1249 70
1250 67
1251 68
1252 69
1253 66
1254 68
1255 68
1256 69
1257 65
1258 69
1259 70
1260 68
1261 66
1262 66
1263 70
1264 66
1265 70
1266 66
1267 69
1268 66
1269 70
1270 65
1271 68
1272 69
1273 68
1274 65
1275 69
1276 67
1277 66
1278 65
1279 69
1280 70
1281 65
1282 70
1283 68
1284 65
1285 65
1286 68
1287 66
1288 68
1289 69
1290 69
1291 65
1292 70
1293 67
1294 66
1295 65
1296 66
1297 69
1298 68
1299 66
1300 67
1301 68
1302 70
1303 68
1304 66
1305 69
1306 66
1307 66
1308 68
1309 66
1310 67
1311 65
1312 69
1313 68
1314 70
1315 65
1316 69
1317 67
1318 69
1319 70
1320 70
1321 66
1322 68
1323 69
1324 70
1325 68
1326 68
1327 70
1328 65
1329 66
1330 65
1331 66
1332 70
1333 68
1334 68
1335 66
1336 66
1337 67
1338 70
1339 65
1340 70
1341 67
1342 65
1343 66
1344 66
1345 70
1346 70
1347 70
1348 68
1349 69
1350 67
1351 66
1352 70
1353 68
1354 67
1355 66
1356 68
1357 66
1358 66
1359 68
1360 65
1361 70
1362 70
1363 67
1364 67
1365 65
1366 66
1367 69
1368 67
1369 70
1370 65
1371 65
1372 65
1373 65
1374 67
1375 68
1376 69
1377 66
1378 68
1379 70
1380 66
1381 68
1382 68
1383 67
1384 68
1385 67
1386 66
1387 66
1388 69
1389 66
1390 66
1391 69
1392 70
1393 70
1394 69
1395 66
1396 66
1397 69
1398 65
1399 68
1400 65
1401 66
1402 69
1403 70
1404 70
1405 66
1406 70
1407 66
1408 67
1409 68
1410 69
1411 66
1412 66
1413 66
1414 70
1415 68
1416 65
1417 66
1418 70
1419 68
1420 65
1421 65
1422 65
1423 70
1424 65
1425 65
1426 67
1427 70
1428 67
1429 68
1430 65
1431 70
1432 70
1433 65
1434 69
1435 68
1436 70
1437 70
1438 70
1439 70
1440 67
1441 68
1442 67
1443 69
1444 70
1445 67
1446 70
1447 69
1448 67
1449 65
1450 68
1451 67
1452 69
1453 70
1454 66
1455 66
1456 67
1457 65
1458 65
1459 69
1460 68
1461 65
1462 69
1463 67
1464 68
1465 68
1466 68
1467 68
1468 66
1469 65
1470 68
1471 65
1472 70
1473 67
1474 69
1475 69
1476 67
1477 67
1478 68
1479 69
1480 68
1481 65
1482 66
1483 66
1484 65
1485 69
1486 68
1487 65
1488 65
1489 65
1490 65
1491 67
1492 67
1493 68
1494 67
1495 69
1496 69
1497 65
1498 65
1499 67
1500 65
1501 67
1502 69
1503 69
1504 68
1505 66
1506 69
1507 70
1508 66
1509 68
1510 65
1511 69
1512 68
1513 65
1514 65
1515 66
1516 66
1517 67
1518 69
1519 68
1520 66
1521 70
1522 66
1523 70
1524 66
1525 68
1526 68
1527 68
1528 67
1529 66
1530 65
1531 69
1532 69
1533 65
1534 65
1535 65
1536 65
1537 70
1538 65
1539 69
1540 67
1541 65
1542 67
1543 66
1544 70
1545 70
1546 70
1547 70
1548 69
1549 65
1550 67
1551 70
1552 66
1553 67
1554 68
1555 65
1556 69
1557 65
1558 65
1559 69
1560 69
1561 66
1562 66
1563 69
1564 67
1565 68
1566 65
1567 65
1568 68
1569 68
1570 68
1571 68
1572 68
1573 70
1574 68
1575 68
1576 68
1577 67
1578 69
1579 69
1580 65
1581 65
1582 65
1583 69
1584 69
1585 67
1586 68
1587 69
1588 68
1589 68
1590 66
1591 66
1592 67
1593 70
1594 67
1595 68
1596 68
1597 69
1598 66
1599 65
1600 66
1601 65
1602 67
1603 68
1604 66
1605 66
1606 65
1607 70
1608 66
1609 65
1610 69
1611 67
1612 67
1613 68
1614 68
1615 70
1616 65
1617 67
1618 69
1619 70
1620 65
1621 69
1622 69
1623 68
1624 65
1625 67
1626 70
1627 67
1628 67
1629 65
1630 67
1631 70
1632 65
1633 67
1634 65
1635 69
1636 69
1637 67
1638 70
1639 68
1640 65
1641 65
1642 66
1643 66
1644 68
1645 65
1646 70
1647 69
1648 70
1649 65
1650 68
1651 67
1652 66
1653 66
1654 67
1655 70
1656 70
1657 66
1658 67
1659 69
1660 70
1661 69
1662 70
1663 70
1664 65
1665 70
1666 70
1667 66
1668 66
1669 65
1670 67
1671 70
1672 70
1673 68
1674 70
1675 69
1676 66
1677 66
1678 66
1679 70
1680 69
1681 68
1682 67
1683 68
1684 66
1685 66
1686 70
1687 66
1688 70
1689 67
1690 70
1691 66
1692 65
1693 66
1694 66
1695 65
1696 69
1697 67
1698 65
1699 68
1700 66
1701 70
1702 70
1703 65
1704 67
1705 69
1706 65
1707 70
1708 66
1709 70
1710 65
1711 66
1712 69
1713 70
1714 68
1715 65
1716 69
1717 65
1718 68
1719 67
1720 65
1721 70
1722 66
1723 69
1724 65
1725 70
1726 68
1727 66
1728 68
1729 68
1730 70
1731 65
1732 69
1733 65
1734 65
1735 66
1736 70
1737 65
1738 65
1739 66
1740 66
1741 66
1742 66
1743 70
1744 66
1745 70
1746 67
1747 69
1748 69
1749 66
1750 70
1751 65
1752 69
1753 68
1754 67
1755 69
1756 65
1757 66
1758 66
1759 68
1760 69
1761 67
1762 65
1763 66
1764 66
1765 65
1766 65
1767 68
1768 70
1769 67
1770 70
1771 67
1772 68
1773 67
1774 68
1775 66
1776 70
1777 69
1778 68
1779 69
1780 67
1781 66
1782 67
1783 66
1784 68
1785 66
1786 66
1787 68
1788 66
1789 65
1790 69
1791 70
1792 66
1793 69
1794 67
1795 68
1796 65
1797 70
1798 67
1799 66
1800 66
1801 66
1802 66
1803 69
1804 67
1805 68
1806 67
1807 65
1808 69
1809 67
1810 70
1811 65
1812 70
1813 70
1814 66
1815 70
1816 68
1817 67
1818 69
1819 69
1820 70
1821 67
1822 69
1823 70
1824 67
1825 67
1826 65
1827 69
1828 69
1829 67
1830 70
1831 67
1832 66
1833 66
1834 67
1835 70
1836 70
1837 69
1838 70
1839 69
1840 67
1841 69
1842 68
1843 67
1844 69
1845 67
1846 70
1847 70
1848 65
1849 67
1850 66
1851 65
1852 67
1853 66
1854 69
1855 65
1856 69
1857 65
1858 65
1859 67
1860 70
1861 66
1862 69
1863 69
1864 67
1865 70
1866 68
1867 68
1868 68
1869 67
1870 66
1871 68
1872 68
1873 70
1874 65
1875 66
1876 69
1877 65
1878 70
1879 69
1880 69
1881 68
1882 68
1883 65
1884 66
1885 68
1886 69
1887 67
1888 67
1889 69
1890 65
1891 68
1892 67
1893 70
1894 67
1895 70
1896 65
1897 69
1898 69
1899 66
1900 65
1901 67
1902 66
1903 65
1904 67
1905 65
1906 65
1907 67
1908 70
1909 66
1910 66
1911 66
1912 65
1913 69
1914 68
1915 69
1916 67
1917 67
1918 67
1919 65
1920 69
1921 66
1922 68
1923 65
1924 70
1925 70
1926 67
1927 65
1928 66
1929 70
1930 69
1931 65
1932 70
1933 69
1934 66
1935 65
1936 68
1937 66
1938 66
1939 66
1940 70
1941 70
1942 69
1943 69
1944 70
1945 66
1946 65
1947 65
1948 66
1949 68
1950 69
1951 67
1952 69
1953 70
1954 66
1955 68
1956 66
1957 65
1958 67
1959 69
1960 67
1961 65
1962 66
1963 68
1964 70
1965 69
1966 65
1967 69
1968 67
1969 67
1970 66
1971 65
1972 69
1973 68
1974 66
1975 68
1976 66
1977 68
1978 68
1979 69
1980 70
1981 69
1982 68
1983 68
1984 68
1985 69
1986 70
1987 66
1988 65
1989 70
1990 68
1991 68
1992 68
1993 69
1994 69
1995 69
1996 66
1997 69
1998 67
1999 68
2000 67
2001 65
2002 66
2003 66
2004 66
2005 69
2006 70
2007 68
2008 68
2009 68
2010 69
2011 70
2012 65
2013 65
2014 70
2015 69
2016 69
2017 68
2018 68
2019 70
2020 66
2021 65
2022 67
2023 69
2024 70
2025 69
2026 66
2027 69
2028 70
2029 69
2030 65
2031 65
2032 69
2033 69
2034 66
2035 65
2036 67
2037 65
2038 68
2039 65
2040 69
2041 69
2042 69
2043 65
2044 69
2045 65
2046 65
2047 66
2048 66
2049 65
2050 70
2051 65
2052 69
2053 65
2054 68
2055 68
2056 65
2057 67
2058 70
2059 66
2060 68
2061 68
2062 66
2063 70
2064 69
2065 68
2066 69
2067 69
2068 69
2069 69
2070 67
2071 69
2072 67
2073 66
2074 68
2075 67
2076 66
2077 70
2078 65
2079 70
2080 67
2081 66
2082 65
2083 70
2084 66
2085 67
2086 65
2087 65
2088 69
2089 66
2090 70
2091 70
2092 67
2093 69
2094 68
2095 68
2096 68
2097 66
2098 70
2099 69
2100 70
2101 67
2102 69
2103 70
2104 70
2105 70
2106 69
2107 65
2108 70
2109 65
2110 65
2111 65
2112 66
2113 68
2114 69
2115 65
2116 69
2117 65
2118 70
2119 66
2120 69
2121 68
2122 67
2123 70
2124 68
2125 66
2126 70
2127 67
2128 69
2129 69
2130 68
2131 67
2132 66
2133 68
2134 67
2135 67
2136 65
2137 69
2138 65
2139 68
2140 66
2141 69
2142 69
2143 68
2144 70
2145 66
2146 66
2147 67
2148 68
2149 65
2150 70
2151 70
2152 70
2153 65
2154 68
2155 68
2156 65
2157 70
2158 67
2159 65
2160 66
2161 67
2162 65
2163 68
2164 69
2165 65
2166 68
2167 67
2168 70
2169 70
2170 70
2171 69
2172 65
2173 69
2174 70
2175 65
2176 67
2177 66
2178 69
2179 69
2180 69
2181 65
2182 69
2183 68
2184 67
2185 67
2186 70
2187 69
2188 67
2189 67
2190 66
2191 67
2192 70
2193 65
2194 65
2195 70
2196 70
2197 70
2198 68
2199 66
2200 69
2201 69
2202 67
2203 66
2204 69
2205 69
2206 69
2207 69
2208 69
2209 65
2210 70
2211 66
2212 70
2213 66
2214 67
2215 65
2216 67
2217 65
2218 65
2219 65
2220 69
2221 67
2222 67
2223 69
2224 65
2225 68
2226 66
2227 65
2228 70
2229 68
2230 69
2231 70
2232 65
2233 66
2234 68
2235 66
2236 69
2237 69
2238 70
2239 70
2240 66
2241 67
2242 67
2243 67
2244 70
2245 69
2246 70
2247 67
2248 65
2249 66
2250 68
2251 69
2252 70
2253 66
2254 67
2255 67
2256 67
2257 70
2258 70
2259 69
2260 67
2261 69
2262 67
2263 69
2264 67
2265 66
2266 66
2267 69
2268 65
2269 65
2270 67
2271 65
2272 68
2273 68
2274 65
2275 67
2276 70
2277 67
2278 67
2279 70
2280 69
2281 67
2282 66
2283 65
2284 66
2285 67
2286 69
2287 68
2288 70
2289 69
2290 66
2291 65
2292 70
2293 66
2294 69
2295 65
2296 65
2297 69
2298 68
2299 66
2300 67
2301 69
2302 66
2303 65
2304 68
2305 68
2306 68
2307 68
2308 65
2309 65
2310 67
2311 65
2312 67
2313 65
2314 67
2315 68
2316 68
2317 66
2318 67
2319 68
2320 70
2321 65
2322 67
2323 69
2324 66
2325 67
2326 65
2327 68
2328 69
2329 65
2330 69
2331 65
2332 70
2333 66
2334 65
2335 68
2336 65
2337 66
2338 70
2339 70
2340 65
2341 69
2342 67
2343 69
2344 66
2345 67
2346 65
2347 65
2348 67
2349 69
2350 67
2351 66
2352 66
2353 69
2354 66
2355 67
2356 70
2357 70
2358 70
2359 70
2360 68
2361 67
2362 66
2363 67
2364 67
2365 70
2366 66
2367 70
2368 70
2369 67
2370 68
2371 65
2372 66
2373 65
2374 65
2375 66
2376 67
2377 66
2378 69
2379 68
2380 66
2381 69
2382 67
2383 70
2384 67
2385 66
2386 66
2387 68
2388 70
2389 65
2390 68
2391 70
2392 67
2393 70
2394 69
2395 69
2396 65
2397 66
2398 66
2399 66
2400 66
2401 66
2402 65
2403 69
2404 67
2405 67
2406 65
2407 67
2408 69
2409 68
2410 66
2411 65
2412 69
2413 66
2414 66
2415 69
2416 65
2417 66
2418 67
2419 67
2420 69
2421 70
2422 68
2423 67
2424 65
2425 70
2426 65
2427 66
2428 66
2429 68
2430 69
2431 70
2432 68
2433 69
2434 65
2435 69
2436 67
2437 65
2438 70
2439 65
2440 69
2441 66
2442 65
2443 69
2444 65
2445 70
2446 67
2447 69
2448 69
2449 70
2450 68
2451 69
2452 67
2453 68
2454 67
2455 70
2456 69
2457 68
2458 67
2459 69
2460 65
2461 65
2462 66
2463 66
2464 66
2465 68
2466 66
2467 66
2468 67
2469 68
2470 67
2471 67
2472 70
2473 65
2474 69
2475 70
2476 70
2477 66
2478 67
2479 68
2480 67
2481 67
2482 65
2483 69
2484 65
2485 68
2486 69
2487 70
2488 69
2489 65
2490 67
2491 70
2492 69
2493 67
2494 69
2495 65
2496 65
2497 70
2498 66
2499 70
2500 69
2501 67
2502 65
2503 66
2504 69
2505 69
2506 69
2507 66
2508 67
2509 68
2510 67
2511 70
2512 70
2513 67
2514 69
2515 66
2516 65
2517 68
2518 69
2519 66
2520 66
2521 67
2522 69
2523 68
2524 69
2525 67
2526 66
2527 66
2528 69
2529 67
2530 68
2531 65
2532 65
2533 68
2534 65
2535 67
2536 70
2537 67
2538 65
2539 65
2540 65
2541 68
2542 68
2543 66
2544 68
2545 68
2546 68
2547 67
2548 68
2549 65
2550 70
2551 67
2552 66
2553 69
2554 67
2555 70
2556 66
2557 65
2558 67
2559 65
2560 69
2561 67
2562 66
2563 69
2564 68
2565 70
2566 69
2567 68
2568 70
2569 66
2570 68
2571 67
2572 66
2573 69
2574 68
2575 69
2576 65
2577 69
2578 70
2579 66
2580 66
2581 66
2582 65
2583 67
2584 66
2585 67
2586 69
2587 67
2588 65
2589 69
2590 66
2591 68
2592 65
2593 70
2594 67
2595 66
2596 68
2597 65
2598 65
2599 69
2600 67
2601 66
2602 66
2603 65
2604 67
2605 69
2606 67
2607 68
2608 67
2609 67
2610 69
2611 70
2612 69
2613 65
2614 70
2615 70
2616 68
2617 70
2618 68
2619 66
2620 70
2621 67
2622 65
2623 70
2624 67
2625 70
2626 69
2627 70
2628 66
2629 68
2630 70
2631 67
2632 69
2633 68
2634 70
2635 68
2636 66
2637 65
2638 70
2639 68
2640 70
2641 65
2642 70
2643 66
2644 65
2645 65
2646 65
2647 70
2648 65
2649 68
2650 67
2651 68
2652 69
2653 66
2654 70
2655 70
2656 68
2657 66
2658 67
2659 65
2660 67
2661 69
2662 68
2663 70
2664 70
2665 70
2666 66
2667 69
2668 69
2669 69
2670 70
2671 70
2672 66
2673 65
2674 66
2675 66
2676 68
2677 66
2678 68
2679 65
2680 65
2681 69
2682 67
2683 70
2684 67
2685 66
2686 66
2687 70
2688 67
2689 70
2690 67
2691 68
2692 70
2693 68
2694 68
2695 66
2696 67
2697 67
2698 70
2699 68
2700 66
2701 67
2702 70
2703 70
2704 65
2705 68
2706 68
2707 70
2708 65
2709 70
2710 70
2711 67
2712 69
2713 69
2714 69
2715 70
2716 68
2717 65
2718 67
2719 65
2720 70
2721 65
2722 66
2723 70
2724 67
2725 70
2726 67
2727 67
2728 70
2729 65
2730 70
2731 69
2732 69
2733 66
2734 70
2735 66
2736 70
2737 65
2738 70
2739 68
2740 69
2741 69
2742 66
2743 68
2744 69
2745 68
2746 65
2747 69
2748 70
2749 67
2750 69
2751 66
2752 65
2753 65
2754 70
2755 65
2756 70
2757 66
2758 65
2759 65
2760 67
2761 68
2762 66
2763 68
2764 65
2765 65
2766 66
2767 66
2768 66
2769 65
2770 69
2771 66
2772 70
2773 70
2774 70
2775 69
2776 70
2777 65
2778 70
2779 65
2780 68
2781 65
2782 69
2783 69
2784 65
2785 67
2786 70
2787 69
2788 68
2789 66
2790 70
2791 65
2792 65
2793 65
2794 66
2795 68
2796 68
2797 66
2798 68
2799 70
2800 67
2801 67
2802 66
2803 69
2804 66
2805 68
2806 70
2807 66
2808 68
2809 70
2810 70
2811 68
2812 70
2813 66
2814 66
2815 68
2816 70
2817 65
2818 66
2819 68
2820 65
2821 68
2822 65
2823 66
2824 69
2825 70
2826 70
2827 69
2828 68
2829 68
2830 70
2831 65
2832 69
2833 68
2834 65
2835 65
2836 70
2837 68
2838 65
2839 66
2840 66
2841 70
2842 69
2843 70
2844 65
2845 65
2846 67
2847 69
2848 68
2849 70
2850 69
2851 66
2852 69
2853 70
2854 67
2855 69
2856 66
2857 70
2858 67
2859 66
2860 68
2861 69
2862 69
2863 68
2864 70
2865 66
2866 68
2867 67
2868 66
2869 69
2870 67
2871 65
2872 67
2873 68
2874 66
2875 68
2876 65
2877 65
2878 70
2879 65
2880 69
2881 67
2882 65
2883 65
2884 70
2885 66
2886 66
2887 68
2888 67
2889 65
2890 66
2891 68
2892 67
2893 68
2894 68
2895 66
2896 66
2897 67
2898 66
2899 69
2900 70
2901 66
2902 69
2903 70
2904 70
2905 68
2906 68
2907 69
2908 65
2909 66
2910 65
2911 66
2912 69
2913 69
2914 68
2915 69
2916 70
2917 70
2918 65
2919 70
2920 65
2921 69
2922 69
2923 68
2924 70
2925 65
2926 67
2927 68
2928 67
2929 65
2930 65
2931 67
2932 68
2933 67
2934 69
2935 66
2936 70
2937 67
2938 67
2939 66
2940 65
2941 67
2942 65
2943 68
2944 67
2945 66
2946 69
2947 65
2948 69
2949 70
2950 68
2951 68
2952 65
2953 69
2954 69
2955 69
2956 65
2957 69
2958 68
2959 70
2960 69
2961 69
2962 70
2963 67
2964 69
2965 67
2966 67
2967 69
2968 69
2969 70
2970 66
2971 66
2972 68
2973 65
2974 67
2975 67
2976 70
2977 67
2978 66
2979 67
2980 68
2981 68
2982 66
2983 66
2984 65
2985 70
2986 65
2987 66
2988 66
2989 67
2990 70
2991 69
2992 65
2993 67
2994 67
2995 69
2996 69
2997 65
2998 69
2999 66
3000 65
3001 69
3002 66
3003 66
3004 66
3005 66
3006 66
3007 66
3008 68
3009 68
3010 65
3011 68
3012 68
3013 68
3014 70
3015 70
3016 69
3017 69
3018 69
3019 67
3020 65
3021 70
3022 66
3023 68
3024 67
3025 70
3026 65
3027 66
3028 69
3029 66
3030 69
3031 65
3032 67
3033 65
3034 70
3035 68
3036 68
3037 70
3038 70
3039 69
3040 65
3041 69
3042 66
3043 67
3044 69
3045 65
3046 65
3047 66
3048 69
3049 69
3050 69
3051 65
3052 68
3053 68
3054 69
3055 65
3056 68
3057 68
3058 66
3059 65
3060 67
3061 69
3062 67
3063 68
3064 67
3065 70
3066 66
3067 65
3068 66
3069 66
3070 65
3071 70
3072 66
3073 69
3074 66
3075 68
3076 68
3077 70
3078 69
3079 69
3080 69
3081 67
3082 70
3083 65
3084 69
3085 70
3086 68
3087 65
3088 69
3089 68
3090 65
3091 69
3092 70
3093 69
3094 67
3095 69
3096 66
3097 65
3098 70
3099 66
3100 66
3101 65
3102 69
3103 70
3104 67
3105 70
3106 70
3107 66
3108 65
3109 67
3110 65
3111 70
3112 68
3113 70
3114 65
3115 67
3116 66
3117 67
3118 66
3119 67
3120 69
3121 70
3122 66
3123 65
3124 70
3125 67
3126 70
3127 69
3128 69
3129 65
3130 67
3131 69
3132 66
3133 68
3134 68
3135 68
3136 68
3137 67
3138 68
3139 69
3140 66
3141 70
3142 66
3143 69
3144 65
3145 67
3146 70
3147 65
3148 65
3149 67
3150 70
3151 70
3152 68
3153 68
3154 65
3155 65
3156 68
3157 66
3158 65
3159 65
3160 70
3161 65
3162 67
3163 70
3164 65
3165 70
3166 70
3167 69
3168 68
3169 67
3170 66
3171 67
3172 67
3173 66
3174 65
3175 67
3176 70
3177 66
3178 69
3179 67
3180 68
3181 70
3182 65
3183 69
3184 66
3185 70
3186 70
3187 67
3188 67
3189 65
3190 66
3191 65
3192 68
3193 68
3194 70
3195 69
3196 65
3197 69
3198 67
3199 66
3200 66
3201 70
3202 65
3203 68
3204 69
3205 70
3206 66
3207 70
3208 66
3209 65
3210 70
3211 70
3212 67
3213 70
3214 68
3215 65
3216 70
3217 67
3218 68
3219 66
3220 66
3221 68
3222 68
3223 66
3224 68
3225 66
3226 69
3227 68
3228 68
3229 69
3230 65
3231 66
3232 66
3233 70
3234 70
3235 70
3236 66
3237 66
3238 68
3239 68
3240 67
3241 67
3242 70
3243 66
3244 68
3245 67
3246 68
3247 66
3248 66
3249 65
3250 67
3251 67
3252 68
3253 65
3254 66
3255 68
3256 70
3257 65
3258 68
3259 65
3260 68
3261 67
3262 70
3263 65
3264 69
3265 68
3266 69
3267 65
3268 69
3269 68
3270 67
3271 65
3272 70
3273 69
3274 66
3275 65
3276 67
3277 66
3278 66
3279 66
3280 70
3281 70
3282 69
3283 65
3284 65
3285 66
3286 68
3287 68
3288 70
3289 69
3290 70
3291 69
3292 66
3293 65
3294 68
3295 67
3296 69
3297 66
3298 68
3299 69
3300 68
3301 68
3302 68
3303 67
3304 67
3305 70
3306 68
3307 65
3308 65
3309 69
3310 70
3311 66
3312 70
3313 65
3314 69
3315 68
3316 66
3317 65
3318 70
3319 65
3320 65
3321 66
3322 66
3323 68
3324 69
3325 65
3326 66
3327 66
3328 70
3329 70
3330 65
3331 67
3332 66
3333 67
3334 67
3335 67
3336 66
3337 66
3338 70
3339 69
3340 70
3341 66
3342 70
3343 70
3344 67
3345 65
3346 67
3347 65
3348 70
3349 66
3350 70
3351 70
3352 69
3353 66
3354 68
3355 68
3356 70
3357 70
3358 67
3359 69
3360 69
3361 67
3362 69
3363 66
3364 66
3365 68
3366 69
3367 67
3368 65
3369 68
3370 66
3371 68
3372 68
3373 66
3374 68
3375 70
3376 65
3377 65
3378 66
3379 68
3380 66
3381 66
3382 65
3383 68
3384 69
3385 67
3386 69
3387 67
3388 67
3389 68
3390 70
3391 68
3392 66
3393 70
3394 70
3395 67
3396 69
3397 65
3398 67
3399 69
3400 70
3401 66
3402 68
3403 65
3404 66
3405 67
3406 68
3407 70
3408 66
3409 66
3410 70
3411 68
3412 70
3413 68
3414 65
3415 69
3416 67
3417 66
3418 70
3419 68
3420 69
3421 66
3422 68
3423 70
3424 69
3425 68
3426 65
3427 66
3428 70
3429 65
3430 69
3431 68
3432 66
3433 65
3434 66
3435 67
3436 66
3437 70
3438 67
3439 66
3440 65
3441 66
3442 70
3443 67
3444 65
3445 66
3446 65
3447 68
3448 68
3449 67
3450 65
3451 67
3452 70
3453 65
3454 69
3455 65
3456 69
3457 65
3458 66
3459 70
3460 67
3461 69
3462 68
3463 70
3464 66
3465 68
3466 68
3467 70
3468 68
3469 65
3470 67
3471 65
3472 65
3473 69
3474 70
3475 66
3476 67
3477 66
3478 66
3479 69
3480 66
3481 65
3482 66
3483 68
3484 70
3485 70
3486 68
3487 67
3488 68
3489 68
3490 66
3491 69
3492 68
3493 67
3494 65
3495 70
3496 67
3497 65
3498 68
3499 65
3500 69
3501 66
3502 68
3503 69
3504 70
3505 65
3506 67
3507 69
3508 65
3509 69
3510 70
3511 66
3512 68
3513 65
3514 65
3515 70
3516 65
3517 68
3518 69
3519 65
3520 70
3521 68
3522 68
3523 69
3524 67
3525 65
3526 66
3527 67
3528 69
3529 65
3530 67
3531 68
3532 65
3533 68
3534 69
3535 67
3536 68
3537 66
3538 65
3539 67
3540 65
3541 65
3542 66
3543 70
3544 69
3545 69
3546 68
3547 66
3548 69
3549 68
3550 70
3551 70
3552 66
3553 65
3554 67
3555 69
3556 66
3557 69
3558 67
3559 70
3560 68
3561 67
3562 69
3563 69
3564 69
3565 70
3566 65
3567 69
3568 65
3569 70
3570 67
3571 67
3572 69
3573 69
3574 68
3575 70
3576 69
3577 66
3578 69
3579 66
3580 66
3581 68
3582 65
3583 68
3584 69
3585 70
3586 65
3587 66
3588 67
3589 68
3590 65
3591 67
3592 67
3593 66
3594 68
3595 66
3596 70
3597 70
3598 69
3599 68
3600 66
3601 69
3602 67
3603 68
3604 66
3605 67
3606 65
3607 69
3608 69
3609 66
3610 67
3611 66
3612 66
3613 68
3614 69
3615 67
3616 69
3617 67
3618 69
3619 66
3620 66
3621 67
3622 68
3623 67
3624 67
3625 67
3626 70
3627 66
3628 66
3629 66
3630 69
3631 68
3632 68
3633 69
3634 69
3635 70
3636 68
3637 67
3638 65
3639 65
3640 65
3641 65
3642 70
3643 68
3644 69
3645 68
3646 69
3647 66
3648 65
3649 70
3650 67
3651 67
3652 70
3653 67
3654 68
3655 65
3656 66
3657 69
3658 65
3659 67
3660 68
3661 68
3662 70
3663 67
3664 66
3665 65
3666 65
3667 66
3668 69
3669 67
3670 65
3671 66
3672 68
3673 69
3674 65
3675 69
3676 68
3677 66
3678 69
3679 65
3680 70
3681 65
3682 66
3683 66
3684 70
3685 69
3686 70
3687 69
3688 67
3689 66
3690 69
3691 67
3692 65
3693 66
3694 68
3695 70
3696 67
3697 68
3698 70
3699 69
3700 67
3701 69
3702 69
3703 70
3704 68
3705 70
3706 69
3707 65
3708 68
3709 65
3710 70
3711 69
3712 70
3713 65
3714 65
3715 68
3716 69
3717 67
3718 66
3719 67
3720 70
3721 67
3722 69
3723 67
3724 66
3725 70
3726 68
3727 67
3728 66
3729 70
3730 70
3731 70
3732 69
3733 66
3734 66
3735 68
3736 65
3737 70
3738 69
3739 67
3740 69
3741 68
3742 65
3743 66
3744 70
3745 68
3746 70
3747 69
3748 65
3749 66
3750 70
3751 70
3752 70
3753 68
3754 67
3755 65
3756 66
3757 65
3758 66
3759 68
3760 70
3761 69
3762 65
3763 66
3764 66
3765 66
3766 66
3767 66
3768 68
3769 70
3770 66
3771 67
3772 65
3773 70
3774 68
3775 69
3776 70
3777 67
3778 70
3779 70
3780 68
3781 70
3782 65
3783 65
3784 67
3785 68
3786 70
3787 65
3788 65
3789 69
3790 68
3791 67
3792 67
3793 69
3794 67
3795 70
3796 68
3797 69
3798 67
3799 66
3800 70
3801 67
3802 66
3803 65
3804 69
3805 66
3806 67
3807 68
3808 67
3809 69
3810 66
3811 66
3812 70
3813 67
3814 70
3815 69
3816 68
3817 69
3818 69
3819 66
3820 70
3821 70
3822 70
3823 68
3824 69
3825 66
3826 70
3827 67
3828 68
3829 67
3830 67
3831 67
3832 69
3833 65
3834 68
3835 66
3836 66
3837 65
3838 65
3839 69
3840 70
3841 69
3842 68
3843 69
3844 70
3845 70
3846 69
3847 70
3848 68
3849 65
3850 70
3851 66
3852 66
3853 65
3854 69
3855 65
3856 65
3857 65
3858 67
3859 67
3860 65
3861 70
3862 66
3863 66
3864 70
3865 67
3866 66
3867 65
3868 69
3869 67
3870 69
3871 67
3872 68
3873 66
3874 66
3875 65
3876 69
3877 68
3878 69
3879 69
3880 65
3881 69
3882 65
3883 69
3884 67
3885 68
3886 66
3887 70
3888 68
3889 67
3890 70
3891 67
3892 68
3893 68
3894 65
3895 68
3896 67
3897 69
3898 70
3899 70
3900 66
3901 65
3902 68
3903 69
3904 70
3905 65
3906 69
3907 67
3908 68
3909 66
3910 66
3911 66
3912 65
3913 67
3914 67
3915 66
3916 67
3917 66
3918 66
3919 69
3920 68
3921 68
3922 69
3923 70
3924 69
3925 66
3926 67
3927 66
3928 67
3929 67
3930 65
3931 69
3932 65
3933 65
3934 66
3935 67
3936 70
3937 67
3938 65
3939 65
3940 66
3941 66
3942 70
3943 65
3944 69
3945 68
3946 69
3947 67
3948 66
3949 65
3950 65
3951 68
3952 69
3953 67
3954 65
3955 67
3956 67
3957 66
3958 69
3959 70
3960 67
3961 68
3962 68
3963 70
3964 66
3965 70
3966 67
3967 70
3968 68
3969 65
3970 67
3971 67
3972 67
3973 65
3974 70
3975 67
3976 67
3977 65
3978 66
3979 68
3980 67
3981 69
3982 69
3983 68
3984 69
3985 69
3986 66
3987 69
3988 65
3989 69
3990 69
3991 66
3992 69
3993 66
3994 65
3995 67
3996 65
3997 66
3998 69
3999 70
4000 65
4001 70
4002 67
4003 65
4004 68
4005 69
4006 69
4007 65
4008 65
4009 66
4010 67
4011 65
4012 68
4013 67
4014 65
4015 69
4016 65
4017 67
4018 70
4019 66
4020 65
4021 67
4022 67
4023 68
4024 67
4025 70
4026 66
4027 70
4028 67
4029 67
4030 67
4031 66
4032 67
4033 67
4034 70
4035 66
4036 68
4037 67
4038 66
